450.000000 0.000000 0.000000
448.074000 0.181373 -0.181373
442.332000 0.693672 -0.693672
432.873000 1.473257 -1.473257
419.854500 2.450125 -2.450125
403.506000 3.586092 -3.586092
384.097500 4.842974 -4.842974
361.971000 6.188952 -6.188952
337.500000 7.585842 -7.585842
311.103000 8.982731 -8.982731
283.234500 10.331891 -10.331891
254.367000 11.576045 -11.576045
225.000000 12.657918 -12.657918
195.633000 13.517053 -13.517053
166.765500 14.099356 -14.099356
152.676000 14.268001 -14.268001
138.897000 14.347550 -14.347550
125.487000 14.331640 -14.331640
112.500000 14.210725 -14.210725
99.994500 13.991168 -13.991168
88.029000 13.666606 -13.666606
76.648500 13.240221 -13.240221
65.902500 12.708830 -12.708830
55.836000 12.075616 -12.075616
46.494000 11.340579 -11.340579
37.921500 10.516446 -10.516446
30.145500 9.619127 -9.619127
23.202000 8.654987 -8.654987
17.127000 7.620843 -7.620843
11.938500 6.488058 -6.488058
7.668000 5.237540 -5.237540
4.324500 3.862924 -3.862924
1.926000 2.440579 -2.440579
0.481500 1.110511 -1.110511
0.000000 0.000000 0.000000
0.481500 -1.110511 1.110511
1.926000 -2.440579 2.440579
4.324500 -3.862924 3.862924
7.668000 -5.237540 5.237540
11.938500 -6.488058 6.488058
17.127000 -7.620843 7.620843
23.202000 -8.654987 8.654987
30.145500 -9.619127 9.619127
37.921500 -10.516446 10.516446
46.494000 -11.340579 11.340579
55.836000 -12.075616 12.075616
65.902500 -12.708830 12.708830
76.648500 -13.240221 13.240221
88.029000 -13.666606 13.666606
99.994500 -13.991168 13.991168
112.500000 -14.210725 14.210725
125.487000 -14.331640 14.331640
138.897000 -14.347550 14.347550
152.676000 -14.268001 14.268001
166.765500 -14.099356 14.099356
195.633000 -13.517053 13.517053
225.000000 -12.657918 12.657918
254.367000 -11.576045 11.576045
283.234500 -10.331891 10.331891
311.103000 -8.982731 8.982731
337.500000 -7.585842 7.585842
361.971000 -6.188952 6.188952
384.097500 -4.842974 4.842974
403.506000 -3.586092 3.586092
419.854500 -2.450125 2.450125
432.873000 -1.473257 1.473257
442.332000 -0.693672 0.693672
448.074000 -0.181373 0.181373
450.000000 0.000000 0.000000
