0.046411 7.155850 25.000000
-2.452007 7.754986 25.000000
-4.950429 8.352622 25.000000
-7.448857 8.947759 25.000000
-9.947298 9.538395 25.000000
-14.944226 10.701918 25.000000
-19.941226 11.838190 25.000000
-24.938297 12.947963 25.000000
-29.935434 14.032986 25.000000
-34.932638 15.092509 25.000000
-39.929912 16.125782 25.000000
-44.927259 17.131556 25.000000
-49.924679 18.109829 25.000000
-54.922176 19.059102 25.000000
-59.919749 19.979626 25.000000
-64.917401 20.870400 25.000000
-69.915131 21.731923 25.000000
-74.912941 22.563447 25.000000
-79.910832 23.364471 25.000000
-84.908808 24.132995 25.000000
-89.906881 24.865519 25.000000
-94.905055 25.559794 25.000000
-99.903340 26.212318 25.000000
-104.901741 26.821093 25.000000
-109.900261 27.385118 25.000000
-114.898900 27.904143 25.000000
-119.897659 28.378168 25.000000
-124.896538 28.807193 25.000000
-129.895538 29.190469 25.000000
-134.894666 29.525244 25.000000
-139.893935 29.807270 25.000000
-144.893355 30.032546 25.000000
-149.892935 30.197072 25.000000
-154.892685 30.297849 25.000000
-159.892597 30.337625 25.000000
-164.892659 30.321152 25.000000
-169.892855 30.253929 25.000000
-174.893173 30.140706 25.000000
-179.893606 29.984484 25.000000
-184.894197 29.768261 25.000000
-189.895012 29.468289 25.000000
-194.896114 29.059567 25.000000
-199.897573 28.517096 25.000000
-204.899447 27.817625 25.000000
-209.901752 26.956405 25.000000
-214.904479 25.935935 25.000000
-219.907659 24.745216 25.000000
-224.911373 23.352998 25.000000
-229.915715 21.724531 25.000000
-234.920792 19.819314 25.000000
-237.423758 18.705456 25.000000
-239.927166 17.425349 25.000000
-242.431211 15.905493 25.000000
-244.936279 14.000138 25.000000
-246.941261 12.126455 25.000000
-247.943995 11.098364 25.000000
-248.947185 9.898274 25.000000
-249.449255 9.119354 25.000000
-249.700632 8.601020 25.000000
-249.826553 8.254353 25.000000
-249.953105 7.669937 25.000000
-249.831206 6.502109 25.000000
-249.707051 6.183779 25.000000
-249.458292 5.715866 25.000000
-248.960088 5.039041 25.000000
-247.962596 4.093139 25.000000
-246.964383 3.418736 25.000000
-244.966580 2.588678 25.000000
-242.468139 1.998542 25.000000
-239.969419 1.513155 25.000000
-237.470439 1.125518 25.000000
-234.971167 0.848131 25.000000
-229.972068 0.502105 25.000000
-224.972696 0.258829 25.000000
-219.973102 0.099553 25.000000
-214.973303 0.017027 25.000000
-209.973331 0.000000 25.000000
-204.973212 0.038223 25.000000
-199.972975 0.120696 25.000000
-194.972647 0.237669 25.000000
-189.972248 0.381142 25.000000
-184.971800 0.543364 25.000000
-179.971322 0.716587 25.000000
-174.970834 0.893809 25.000000
-169.970352 1.068532 25.000000
-164.969880 1.239755 25.000000
-159.969413 1.409227 25.000000
-154.968948 1.577450 25.000000
-149.968483 1.745922 25.000000
-144.968016 1.915145 25.000000
-139.967547 2.085118 25.000000
-134.967076 2.255840 25.000000
-129.966605 2.426563 25.000000
-124.966134 2.597535 25.000000
-119.965663 2.768258 25.000000
-114.965193 2.938731 25.000000
-109.964723 3.108953 25.000000
-104.964253 3.279176 25.000000
-99.963784 3.449399 25.000000
-94.963314 3.619621 25.000000
-89.962844 3.789844 25.000000
-84.962374 3.960316 25.000000
-79.961904 4.130789 25.000000
-74.961434 4.301012 25.000000
-69.960964 4.471484 25.000000
-64.960494 4.641707 25.000000
-59.960024 4.812179 25.000000
-54.959554 4.982402 25.000000
-49.959084 5.152875 25.000000
-44.958614 5.323097 25.000000
-39.958144 5.493570 25.000000
-34.957675 5.663793 25.000000
-29.957204 5.834265 25.000000
-24.956735 6.004488 25.000000
-19.956264 6.174960 25.000000
-14.955795 6.345183 25.000000
-9.955324 6.515656 25.000000
-7.455090 6.600767 25.000000
-4.954855 6.685878 25.000000
-2.454620 6.770990 25.000000
0.045616 6.856351 25.000000
