-50.23140999999998 19.758335000000002 470.0
-52.70318750000001 20.45924500000001 470.0
-55.175025000000005 21.158855000000003 470.0
-57.64698249999998 21.855670000000003 470.0
-60.119125 22.548262499999993 470.0
-65.06419749999998 23.915440000000004 470.0
-70.0104575 25.2553925 470.0
-74.95785999999998 26.56917 470.0
-79.90635499999999 27.857897500000007 470.0
-84.85596000000001 29.121222500000002 470.0
-89.806715 30.358249999999998 470.0
-94.75865249999998 31.568127500000003 470.0
-99.71181250000001 32.75007999999999 470.0
-104.66622000000001 33.903412499999995 470.0
-109.6218925 35.027745 470.0
-114.57884750000002 36.1227575 470.0
-119.537095 37.18814749999999 470.0
-124.496645 38.22371499999999 470.0
-129.45752 39.2289125 470.0
-134.419825 40.201365 470.0
-139.38368749999998 41.13817749999999 470.0
-144.34923 42.036449999999995 470.0
-149.31658000000002 42.893390000000004 470.0
-154.28584750000002 43.706369999999986 470.0
-159.2570675 44.4746675 470.0
-164.230245 45.19808249999999 470.0
-169.20538499999998 45.876567499999986 470.0
-174.18249500000002 46.50994249999999 470.0
-179.1615975 47.0976875 470.0
-184.14282 47.636852499999996 470.0
-189.12634 48.12339500000001 470.0
-194.1123325 48.553339999999984 470.0
-199.10097000000002 48.92266749999998 470.0
-204.092395 49.22818 470.0
-209.08648499999998 49.47260249999999 470.0
-214.0830225 49.661052499999975 470.0
-219.081775 49.79867749999999 470.0
-224.0825275 49.89056999999999 470.0
-229.08517 49.93912749999998 470.0
-234.0904175 49.9280425 470.0
-239.099325 49.833137499999985 470.0
-244.1129675 49.62976249999999 470.0
-249.1324525 49.29261250000001 470.0
-254.15878750000002 48.79851250000001 470.0
-259.192175 48.1429425 470.0
-264.232505 47.3283475 470.0
-269.2802575 46.34369 470.0
-274.33681 45.15755000000001 470.0
-279.4036675 43.735385 470.0
-284.4825875 42.03688249999998 470.0
-287.02908249999996 41.026547499999985 470.0
-289.58283000000006 39.850069999999995 470.0
-292.14704500000005 38.4338725 470.0
-294.728065 36.632740000000005 470.0
-296.80811500000004 34.84291749999999 470.0
-297.852125 33.85674249999999 470.0
-298.90364 32.698707500000005 470.0
-299.43719999999996 31.94093499999999 470.0
-299.70959500000004 31.433482499999997 470.0
-299.84961250000003 31.092240000000004 470.0
-300.0 30.513499999999993 470.0
-299.92604500000004 29.341660000000005 470.0
-299.81503250000003 29.018560000000008 470.0
-299.5856575 28.54072500000001 470.0
-299.11559 27.844232500000004 470.0
-298.15769250000005 26.85811000000001 470.0
-297.18794750000006 26.143355 470.0
-295.225825 25.232152500000012 470.0
-292.75365 24.540332500000005 470.0
-290.27691749999997 23.952865000000003 470.0
-287.79591500000004 23.463155 470.0
-285.31010000000003 23.083740000000006 470.0
-280.3293825 22.533010000000004 470.0
-275.34416250000004 22.085354999999993 470.0
-270.3552975 21.72122250000001 470.0
-265.36307999999997 21.433917500000007 470.0
-260.3679925 21.21227250000001 470.0
-255.37051 21.045527500000006 470.0
-250.3710875 20.923190000000005 470.0
-245.370165 20.835242499999993 470.0
-240.3680925 20.773597499999994 470.0
-235.36520000000002 20.73075750000001 470.0
-230.36181499999998 20.699185 470.0
-225.3582675 20.67133000000001 470.0
-220.3548325 20.640905000000004 470.0
-215.35153250000002 20.607357500000006 470.0
-210.348325 20.571737500000012 470.0
-205.3451625 20.535067499999997 470.0
-200.34199999999998 20.498422500000004 470.0
-195.3387975 20.462627499999996 470.0
-190.33556000000002 20.427705000000003 470.0
-185.3322975 20.393307500000006 470.0
-180.3290225 20.359210000000004 470.0
-175.32575 20.325112500000003 470.0
-170.322485 20.2907675 470.0
-165.31923 20.256195000000005 470.0
-160.3159825 20.221472500000004 470.0
-155.3127375 20.186702499999996 470.0
-150.309495 20.151905 470.0
-145.30624749999998 20.1171825 470.0
-140.3029975 20.082512500000007 470.0
-135.29974750000002 20.047865 470.0
-130.2964925 20.013267500000012 470.0
-125.29324249999999 19.978647499999994 470.0
-120.28998999999999 19.94402500000001 470.0
-115.28673999999998 19.909377500000005 470.0
-110.28348749999998 19.87473 470.0
-105.2802375 19.840085000000002 470.0
-100.27698749999999 19.80543750000001 470.0
-95.27373749999998 19.770790000000005 470.0
-90.27048500000001 19.736144999999993 470.0
-85.267235 19.701497500000002 470.0
-80.26398499999999 19.66685000000001 470.0
-75.26073249999999 19.632205 470.0
-70.25748249999998 19.597557499999994 470.0
-65.2542325 19.562910000000002 470.0
-60.25098249999999 19.528265000000005 470.0
-57.7493575 19.510927500000008 470.0
-55.247732499999984 19.493592500000005 470.0
-52.746105 19.476282499999996 470.0
-50.24448000000001 19.458969999999994 470.0
