0.0 17.47825 25.0
-2.5 18.070749999999997 25.0
-5.0 18.661749999999998 25.0
-7.5 19.250249999999998 25.0
-10.0 19.834249999999997 25.0
-15.0 20.984499999999997 25.0
-20.0 22.107499999999998 25.0
-25.0 23.203999999999997 25.0
-30.0 24.27575 25.0
-35.0 25.322 25.0
-40.0 26.342 25.0
-45.0 27.3345 25.0
-50.0 28.2995 25.0
-55.0 29.2355 25.0
-60.0 30.14275 25.0
-65.0 31.020249999999997 25.0
-70.0 31.868499999999997 25.0
-75.0 32.686749999999996 25.0
-80.0 33.4745 25.0
-85.0 34.229749999999996 25.0
-90.0 34.949 25.0
-95.0 35.629999999999995 25.0
-100.0 36.26925 25.0
-105.0 36.86475 25.0
-110.0 37.415499999999994 25.0
-115.0 37.92125 25.0
-120.0 38.382 25.0
-125.0 38.79774999999999 25.0
-130.0 39.16775 25.0
-135.0 39.48925 25.0
-140.0 39.757999999999996 25.0
-145.0 39.97 25.0
-150.0 40.12125 25.0
-155.0 40.208749999999995 25.0
-160.0 40.23524999999999 25.0
-165.0 40.2055 25.0
-170.0 40.125 25.0
-175.0 39.99849999999999 25.0
-180.0 39.82899999999999 25.0
-185.0 39.5995 25.0
-190.0 39.286249999999995 25.0
-195.0 38.86425 25.0
-200.0 38.308499999999995 25.0
-205.0 37.595749999999995 25.0
-210.0 36.72125 25.0
-215.0 35.6875 25.0
-220.0 34.4835 25.0
-225.0 33.077999999999996 25.0
-230.0 31.43625 25.0
-235.0 29.51775 25.0
-237.5 28.39725 25.0
-240.0 27.1105 25.0
-242.5 25.584 25.0
-245.0 23.671999999999997 25.0
-247.0 21.793 25.0
-248.0 20.762249999999998 25.0
-249.0 19.5595 25.0
-249.5 18.779249999999998 25.0
-249.75 18.26025 25.0
-249.875 17.913249999999998 25.0
-250.0 17.3285 25.0
-249.875 16.160999999999998 25.0
-249.75 15.842999999999998 25.0
-249.5 15.375749999999998 25.0
-249.0 14.700249999999999 25.0
-248.0 13.756999999999998 25.0
-247.0 13.085249999999998 25.0
-245.0 12.260499999999999 25.0
-242.5 11.676999999999998 25.0
-240.0 11.198249999999998 25.0
-237.5 10.817249999999998 25.0
-235.0 10.546499999999998 25.0
-230.0 10.213749999999997 25.0
-225.0 9.983749999999999 25.0
-220.0 9.837749999999998 25.0
-215.0 9.7685 25.0
-210.0 9.76475 25.0
-205.0 9.816249999999998 25.0
-200.0 9.911999999999999 25.0
-195.0 10.04225 25.0
-190.0 10.198999999999998 25.0
-185.0 10.374499999999998 25.0
-180.0 10.560999999999998 25.0
-175.0 10.751499999999998 25.0
-170.0 10.939499999999999 25.0
-165.0 11.123999999999999 25.0
-160.0 11.306749999999997 25.0
-155.0 11.488249999999997 25.0
-150.0 11.669999999999998 25.0
-145.0 11.8525 25.0
-140.0 12.035749999999998 25.0
-135.0 12.219749999999998 25.0
-130.0 12.403749999999999 25.0
-125.0 12.587999999999997 25.0
-120.0 12.771999999999998 25.0
-115.0 12.955749999999998 25.0
-110.0 13.139249999999997 25.0
-105.0 13.32275 25.0
-100.0 13.506249999999998 25.0
-95.0 13.689749999999998 25.0
-90.0 13.873249999999999 25.0
-85.0 14.056999999999999 25.0
-80.0 14.240749999999998 25.0
-75.0 14.424249999999997 25.0
-70.0 14.607999999999999 25.0
-65.0 14.791499999999997 25.0
-60.0 14.975249999999999 25.0
-55.0 15.158749999999998 25.0
-50.0 15.342499999999998 25.0
-45.0 15.525999999999998 25.0
-40.0 15.709749999999998 25.0
-35.0 15.893249999999998 25.0
-30.0 16.076999999999998 25.0
-25.0 16.260499999999997 25.0
-20.0 16.444249999999997 25.0
-15.0 16.62775 25.0
-10.0 16.8115 25.0
-7.5 16.90325 25.0
-5.0 16.994999999999997 25.0
-2.5 17.08675 25.0
0.0 17.178749999999997 25.0
