250.0 0.14975 0.0
247.5 0.74225 0.0
245.0 1.33325 0.0
242.5 1.92175 0.0
240.0 2.5057500000000004 0.0
235.0 3.656 0.0
230.0 4.779 0.0
225.0 5.8755 0.0
220.0 6.94725 0.0
215.0 7.993500000000001 0.0
210.0 9.0135 0.0
205.0 10.005999999999998 0.0
200.0 10.971 0.0
195.0 11.907 0.0
190.0 12.81425 0.0
185.0 13.69175 0.0
180.0 14.540000000000001 0.0
175.0 15.35825 0.0
170.0 16.146 0.0
165.0 16.90125 0.0
160.0 17.6205 0.0
155.0 18.301499999999997 0.0
150.0 18.940749999999998 0.0
145.0 19.536250000000003 0.0
140.0 20.087 0.0
135.0 20.59275 0.0
130.0 21.0535 0.0
125.0 21.46925 0.0
120.0 21.83925 0.0
115.0 22.16075 0.0
110.0 22.4295 0.0
105.0 22.641499999999997 0.0
100.0 22.79275 0.0
95.0 22.88025 0.0
90.0 22.90675 0.0
85.0 22.877000000000002 0.0
80.0 22.7965 0.0
75.0 22.669999999999998 0.0
70.0 22.5005 0.0
65.0 22.271 0.0
60.0 21.95775 0.0
55.0 21.53575 0.0
50.0 20.979999999999997 0.0
45.0 20.26725 0.0
40.0 19.39275 0.0
35.0 18.359 0.0
30.0 17.155 0.0
25.0 15.7495 0.0
20.0 14.107750000000001 0.0
15.0 12.189250000000001 0.0
12.5 11.06875 0.0
10.0 9.782 0.0
7.5 8.255500000000001 0.0
5.0 6.343500000000001 0.0
3.0 4.4645 0.0
2.0 3.4337500000000003 0.0
1.0 2.231 0.0
0.5 1.45075 0.0
0.25 0.93175 0.0
0.125 0.58475 0.0
0.0 0.0 0.0
0.125 -1.1675 0.0
0.25 -1.4855 0.0
0.5 -1.95275 0.0
1.0 -2.62825 0.0
2.0 -3.5715 0.0
3.0 -4.24325 0.0
5.0 -5.068 0.0
7.5 -5.6515 0.0
10.0 -6.13025 0.0
12.5 -6.5112499999999995 0.0
15.0 -6.782 0.0
20.0 -7.114750000000001 0.0
25.0 -7.3447499999999994 0.0
30.0 -7.49075 0.0
35.0 -7.56 0.0
40.0 -7.56375 0.0
45.0 -7.51225 0.0
50.0 -7.4165 0.0
55.0 -7.28625 0.0
60.0 -7.1295 0.0
65.0 -6.954 0.0
70.0 -6.7675 0.0
75.0 -6.577 0.0
80.0 -6.388999999999999 0.0
85.0 -6.2045 0.0
90.0 -6.02175 0.0
95.0 -5.84025 0.0
100.0 -5.6585 0.0
105.0 -5.476 0.0
110.0 -5.29275 0.0
115.0 -5.10875 0.0
120.0 -4.92475 0.0
125.0 -4.7405 0.0
130.0 -4.5565 0.0
135.0 -4.37275 0.0
140.0 -4.18925 0.0
145.0 -4.00575 0.0
150.0 -3.82225 0.0
155.0 -3.63875 0.0
160.0 -3.45525 0.0
165.0 -3.2715 0.0
170.0 -3.08775 0.0
175.0 -2.90425 0.0
180.0 -2.7205 0.0
185.0 -2.5370000000000004 0.0
190.0 -2.35325 0.0
195.0 -2.1697499999999996 0.0
200.0 -1.986 0.0
205.0 -1.8025 0.0
210.0 -1.61875 0.0
215.0 -1.43525 0.0
220.0 -1.2515 0.0
225.0 -1.0679999999999998 0.0
230.0 -0.8842500000000001 0.0
235.0 -0.70075 0.0
240.0 -0.517 0.0
242.5 -0.42525 0.0
245.0 -0.33349999999999996 0.0
247.5 -0.24175 0.0
250.0 -0.14975 0.0
