-0.23140999999998257 -5.241664999999998 30.0
-2.7031875000000127 -4.54075499999999 30.0
-5.175025000000005 -3.8411449999999974 30.0
-7.646982499999979 -3.1443299999999965 30.0
-10.119124999999997 -2.4517375000000072 30.0
-15.064197499999977 -1.0845599999999962 30.0
-20.0104575 0.25539249999999925 30.0
-24.957859999999982 1.5691699999999997 30.0
-29.90635499999999 2.857897500000007 30.0
-34.85596000000001 4.121222500000002 30.0
-39.806715 5.358249999999998 30.0
-44.75865249999998 6.568127500000003 30.0
-49.7118125 7.75007999999999 30.0
-54.66622 8.903412499999995 30.0
-59.621892499999994 10.027745000000003 30.0
-64.57884750000002 11.122757499999999 30.0
-69.537095 12.188147499999992 30.0
-74.496645 13.223714999999991 30.0
-79.45751999999999 14.2289125 30.0
-84.419825 15.201365000000003 30.0
-89.38368749999998 16.13817749999999 30.0
-94.34923 17.036449999999995 30.0
-99.31658000000002 17.893390000000004 30.0
-104.28584750000002 18.706369999999986 30.0
-109.2570675 19.474667500000002 30.0
-114.230245 20.19808249999999 30.0
-119.20538499999998 20.876567499999986 30.0
-124.18249500000002 21.509942499999987 30.0
-129.1615975 22.0976875 30.0
-134.14282 22.636852499999996 30.0
-139.12634 23.12339500000001 30.0
-144.1123325 23.553339999999984 30.0
-149.10097000000002 23.92266749999998 30.0
-154.092395 24.228180000000002 30.0
-159.08648499999998 24.472602499999986 30.0
-164.0830225 24.661052499999975 30.0
-169.081775 24.79867749999999 30.0
-174.0825275 24.89056999999999 30.0
-179.08517 24.939127499999977 30.0
-184.0904175 24.928042499999997 30.0
-189.099325 24.833137499999985 30.0
-194.1129675 24.62976249999999 30.0
-199.1324525 24.29261250000001 30.0
-204.15878750000002 23.798512500000008 30.0
-209.19217500000002 23.142942499999997 30.0
-214.232505 22.3283475 30.0
-219.2802575 21.343690000000002 30.0
-224.33681 20.157550000000008 30.0
-229.40366749999998 18.735385 30.0
-234.4825875 17.036882499999983 30.0
-237.0290825 16.026547499999985 30.0
-239.58283000000003 14.850069999999995 30.0
-242.14704500000002 13.4338725 30.0
-244.728065 11.632740000000005 30.0
-246.80811500000002 9.842917499999992 30.0
-247.85212500000003 8.856742499999989 30.0
-248.90364000000002 7.698707500000005 30.0
-249.4372 6.940934999999989 30.0
-249.709595 6.433482499999997 30.0
-249.8496125 6.092240000000004 30.0
-250.00000000000003 5.513499999999993 30.0
-249.92604500000002 4.3416600000000045 30.0
-249.8150325 4.018560000000008 30.0
-249.5856575 3.540725000000009 30.0
-249.11559000000003 2.844232500000004 30.0
-248.15769250000002 1.8581100000000106 30.0
-247.18794750000004 1.1433549999999997 30.0
-245.22582500000001 0.2321525000000122 30.0
-242.75365000000002 -0.4596674999999948 30.0
-240.2769175 -1.0471349999999973 30.0
-237.795915 -1.5368449999999996 30.0
-235.3101 -1.916259999999994 30.0
-230.3293825 -2.4669899999999956 30.0
-225.3441625 -2.9146450000000073 30.0
-220.3552975 -3.2787774999999897 30.0
-215.36308 -3.566082499999993 30.0
-210.3679925 -3.7877274999999884 30.0
-205.37051 -3.9544724999999943 30.0
-200.3710875 -4.076809999999995 30.0
-195.370165 -4.164757500000007 30.0
-190.3680925 -4.226402500000006 30.0
-185.36520000000002 -4.26924249999999 30.0
-180.36181499999998 -4.300815 30.0
-175.3582675 -4.328669999999988 30.0
-170.3548325 -4.359094999999996 30.0
-165.35153250000002 -4.392642499999994 30.0
-160.348325 -4.428262499999988 30.0
-155.3451625 -4.464932500000003 30.0
-150.34199999999998 -4.501577499999996 30.0
-145.3387975 -4.537372500000004 30.0
-140.33556000000002 -4.572294999999997 30.0
-135.3322975 -4.606692499999994 30.0
-130.3290225 -4.6407899999999955 30.0
-125.32575 -4.674887499999997 30.0
-120.322485 -4.709232499999999 30.0
-115.31923 -4.743804999999995 30.0
-110.31598249999999 -4.778527499999996 30.0
-105.3127375 -4.8132975000000044 30.0
-100.309495 -4.848095000000001 30.0
-95.30624749999998 -4.882817500000002 30.0
-90.3029975 -4.917487499999993 30.0
-85.29974750000002 -4.952134999999998 30.0
-80.2964925 -4.986732499999988 30.0
-75.29324249999999 -5.021352500000006 30.0
-70.28998999999999 -5.0559749999999894 30.0
-65.28673999999998 -5.090622499999995 30.0
-60.28348749999997 -5.12527 30.0
-55.28023749999999 -5.159914999999998 30.0
-50.27698749999998 -5.194562499999989 30.0
-45.27373749999998 -5.229209999999995 30.0
-40.27048500000001 -5.263855000000007 30.0
-35.267235 -5.298502499999998 30.0
-30.26398499999999 -5.333149999999989 30.0
-25.26073249999999 -5.367795000000001 30.0
-20.25748249999998 -5.4024425000000065 30.0
-15.2542325 -5.437089999999998 30.0
-10.250982499999992 -5.471734999999995 30.0
-7.749357500000002 -5.489072499999992 30.0
-5.247732499999984 -5.506407499999995 30.0
-2.746105 -5.523717500000004 30.0
-0.24448000000001002 -5.541030000000006 30.0
