450.0 0.0 600.0
449.572 0.056999999999999995 600.0
448.296 0.218 600.0
446.194 0.46299999999999997 600.0
443.301 0.77 600.0
439.668 1.127 600.0
435.355 1.522 600.0
430.438 1.9449999999999998 600.0
425.0 2.384 600.0
419.134 2.823 600.0
412.94100000000003 3.247 600.0
406.526 3.6380000000000003 600.0
400.0 3.978 600.0
393.474 4.247999999999999 600.0
387.05899999999997 4.431 600.0
383.928 4.484 600.0
380.866 4.5089999999999995 600.0
377.886 4.504 600.0
375.0 4.466 600.0
372.221 4.397 600.0
369.562 4.295 600.0
367.033 4.1610000000000005 600.0
364.645 3.994 600.0
362.408 3.795 600.0
360.332 3.5639999999999996 600.0
358.427 3.305 600.0
356.699 3.023 600.0
355.156 2.7199999999999998 600.0
353.806 2.395 600.0
352.653 2.0389999999999997 600.0
351.704 1.646 600.0
350.961 1.214 600.0
350.428 0.767 600.0
350.107 0.349 600.0
350.0 0.0 600.0
350.107 -0.349 600.0
350.428 -0.767 600.0
350.961 -1.214 600.0
351.704 -1.646 600.0
352.653 -2.0389999999999997 600.0
353.806 -2.395 600.0
355.156 -2.7199999999999998 600.0
356.699 -3.023 600.0
358.427 -3.305 600.0
360.332 -3.5639999999999996 600.0
362.408 -3.795 600.0
364.645 -3.994 600.0
367.033 -4.1610000000000005 600.0
369.562 -4.295 600.0
372.221 -4.397 600.0
375.0 -4.466 600.0
377.886 -4.504 600.0
380.866 -4.5089999999999995 600.0
383.928 -4.484 600.0
387.05899999999997 -4.431 600.0
393.474 -4.247999999999999 600.0
400.0 -3.978 600.0
406.526 -3.6380000000000003 600.0
412.94100000000003 -3.247 600.0
419.134 -2.823 600.0
425.0 -2.384 600.0
430.438 -1.9449999999999998 600.0
435.355 -1.522 600.0
439.668 -1.127 600.0
443.301 -0.77 600.0
446.194 -0.46299999999999997 600.0
448.296 -0.218 600.0
449.572 -0.056999999999999995 600.0
450.0 0.0 600.0
