430.000000 14.027516 16.714100
429.883200 14.040950 16.704693
429.533200 14.081089 16.676588
428.950600 14.147768 16.629899
428.137000 14.240496 16.564970
427.094200 14.358454 16.482375
425.824600 14.501314 16.382343
424.331200 14.667929 16.265678
422.617400 14.857153 16.133182
420.687400 15.068003 15.985543
418.545600 15.299168 15.823680
416.197000 15.549337 15.648509
413.647000 15.816872 15.461179
410.901800 16.100626 15.262493
407.967400 16.398961 15.053596
404.851000 16.710239 14.835637
401.560000 17.032985 14.609648
398.101600 17.365561 14.376776
394.484200 17.706164 14.138283
390.716200 18.053485 13.895086
386.806400 18.405556 13.648563
382.764000 18.760904 13.399746
378.598400 19.117563 13.150011
374.319200 19.474222 12.900275
369.936400 19.828751 12.652031
365.460600 20.179512 12.406426
360.901800 20.524539 12.164836
356.270800 20.862193 11.928407
351.578400 21.190182 11.698747
346.835800 21.506702 11.477117
342.053600 21.809788 11.264894
337.243400 22.097147 11.063684
332.416400 22.366812 10.874862
327.583600 22.616653 10.699921
322.756600 22.844377 10.540467
317.946400 23.048019 10.397876
313.164400 23.225447 10.273639
308.421600 23.374696 10.169134
303.729200 23.493965 10.085621
299.098400 23.581287 10.024478
294.539600 23.635023 9.986851
290.063600 23.653699 9.973773
285.680800 23.636170 9.986048
281.401600 23.581450 10.024363
277.236000 23.488395 10.089521
273.193600 23.356839 10.181638
269.283800 23.186292 10.301057
265.515800 22.976916 10.447663
261.898400 22.728877 10.621341
258.440200 22.442665 10.821749
255.149000 22.119264 11.048197
252.032600 21.759820 11.299882
249.098400 21.365316 11.576117
246.353000 20.937391 11.875753
243.803000 20.477683 12.197644
241.454400 19.987830 12.540643
239.312600 19.469798 12.903372
237.382600 18.925390 13.284572
235.668800 18.356407 13.682978
234.175400 17.764652 14.097329
232.905800 17.151762 14.526479
231.863000 16.519540 14.969165
231.049400 15.869134 15.424585
230.466800 15.202016 15.891706
230.116800 14.519007 16.369954
230.000000 13.821090 16.858641
230.116800 13.123172 17.347328
230.466800 12.440163 17.825576
231.049400 11.773046 18.292697
231.863000 11.122639 18.748117
232.905800 10.490418 19.190803
234.175400 9.877528 19.619953
235.668800 9.285773 20.034304
237.382600 8.716789 20.432710
239.312600 8.172382 20.813910
241.454400 7.654349 21.176639
243.803000 7.164497 21.519638
246.353000 6.704788 21.841529
249.098400 6.276863 22.141165
252.032600 5.882360 22.417400
255.149000 5.522916 22.669085
258.440200 5.199515 22.895533
261.898400 4.913303 23.095941
265.515800 4.665263 23.269619
269.283800 4.455888 23.416226
273.193600 4.285341 23.535644
277.236000 4.153785 23.627761
281.401600 4.060729 23.692919
285.680800 4.006010 23.731234
290.063600 3.988481 23.743509
294.539600 4.007157 23.730431
299.098400 4.060893 23.692804
303.729200 4.148215 23.631661
308.421600 4.267484 23.548149
313.164400 4.416733 23.443643
317.946400 4.594161 23.319406
322.756600 4.797802 23.176815
327.583600 5.025527 23.017361
332.416400 5.275368 22.842420
337.243400 5.545033 22.653599
342.053600 5.832392 22.452388
346.835800 6.135478 22.240165
351.578400 6.451998 22.018535
356.270800 6.779986 21.788874
360.901800 7.117641 21.552446
365.460600 7.462668 21.310856
369.936400 7.813429 21.065251
374.319200 8.167958 20.817007
378.598400 8.524616 20.567271
382.764000 8.881276 20.317537
386.806400 9.236624 20.068719
390.716200 9.588695 19.822196
394.484200 9.936016 19.578999
398.101600 10.276619 19.340506
401.560000 10.609195 19.107634
404.851000 10.931941 18.881645
407.967400 11.243218 18.663686
410.901800 11.541553 18.454789
413.647000 11.825308 18.256103
416.197000 12.092843 18.068773
418.545600 12.343012 17.893602
420.687400 12.574177 17.731739
422.617400 12.785026 17.584101
424.331200 12.974251 17.451604
425.824600 13.140866 17.334939
427.094200 13.283726 17.234907
428.137000 13.401684 17.152312
428.950600 13.494412 17.087383
429.533200 13.561091 17.040694
429.883200 13.601229 17.012589
430.000000 13.614664 17.003182
