200.0 0.252 0.0
199.8832 0.2684 0.0
199.53320000000002 0.3174 0.0
198.9506 0.39880000000000004 0.0
198.137 0.512 0.0
197.0942 0.656 0.0
195.8246 0.8304 0.0
194.3312 1.0338 0.0
192.6174 1.2648 0.0
190.6874 1.5222 0.0
188.5456 1.8044 0.0
186.197 2.1098 0.0
183.647 2.4364 0.0
180.9018 2.7828 0.0
177.9674 3.147 0.0
174.851 3.527 0.0
171.56 3.9210000000000003 0.0
168.10160000000002 4.327 0.0
164.4842 4.7428 0.0
160.7162 5.1668 0.0
156.8064 5.5966000000000005 0.0
152.764 6.0304 0.0
148.5984 6.4658 0.0
144.3192 6.9012 0.0
139.9364 7.3340000000000005 0.0
135.4606 7.7622 0.0
130.9018 8.1834 0.0
126.2708 8.595600000000001 0.0
121.5784 8.996 0.0
116.8358 9.3824 0.0
112.0536 9.7524 0.0
107.24340000000001 10.1032 0.0
102.41640000000001 10.4324 0.0
97.5836 10.7374 0.0
92.7566 11.0154 0.0
87.9464 11.264000000000001 0.0
83.1644 11.4806 0.0
78.4216 11.662799999999999 0.0
73.72919999999999 11.808399999999999 0.0
69.0984 11.915000000000001 0.0
64.5396 11.980599999999999 0.0
60.063599999999994 12.003400000000001 0.0
55.6808 11.982 0.0
51.4016 11.915199999999999 0.0
47.236 11.801599999999999 0.0
43.193599999999996 11.641 0.0
39.2838 11.4328 0.0
35.5158 11.1772 0.0
31.8984 10.8744 0.0
28.440199999999997 10.525 0.0
25.149 10.1302 0.0
22.0326 9.6914 0.0
19.098399999999998 9.2098 0.0
16.353 8.6874 0.0
13.803 8.1262 0.0
11.454400000000001 7.5282 0.0
9.3126 6.8958 0.0
7.3826 6.2312 0.0
5.6688 5.5366 0.0
4.1754 4.8142 0.0
2.9058 4.066 0.0
1.863 3.2942 0.0
1.0493999999999999 2.5002 0.0
0.46680000000000005 1.6858000000000002 0.0
0.1168 0.852 0.0
0.0 0.0 0.0
0.1168 -0.852 0.0
0.46680000000000005 -1.6858000000000002 0.0
1.0493999999999999 -2.5002 0.0
1.863 -3.2942 0.0
2.9058 -4.066 0.0
4.1754 -4.8142 0.0
5.6688 -5.5366 0.0
7.3826 -6.2312 0.0
9.3126 -6.8958 0.0
11.454400000000001 -7.5282 0.0
13.803 -8.1262 0.0
16.353 -8.6874 0.0
19.098399999999998 -9.2098 0.0
22.0326 -9.6914 0.0
25.149 -10.1302 0.0
28.440199999999997 -10.525 0.0
31.8984 -10.8744 0.0
35.5158 -11.1772 0.0
39.2838 -11.4328 0.0
43.193599999999996 -11.641 0.0
47.236 -11.801599999999999 0.0
51.4016 -11.915199999999999 0.0
55.6808 -11.982 0.0
60.063599999999994 -12.003400000000001 0.0
64.5396 -11.980599999999999 0.0
69.0984 -11.915000000000001 0.0
73.72919999999999 -11.808399999999999 0.0
78.4216 -11.662799999999999 0.0
83.1644 -11.4806 0.0
87.9464 -11.264000000000001 0.0
92.7566 -11.0154 0.0
97.5836 -10.7374 0.0
102.41640000000001 -10.4324 0.0
107.24340000000001 -10.1032 0.0
112.0536 -9.7524 0.0
116.8358 -9.3824 0.0
121.5784 -8.996 0.0
126.2708 -8.595600000000001 0.0
130.9018 -8.1834 0.0
135.4606 -7.7622 0.0
139.9364 -7.3340000000000005 0.0
144.3192 -6.9012 0.0
148.5984 -6.4658 0.0
152.764 -6.0304 0.0
156.8064 -5.5966000000000005 0.0
160.7162 -5.1668 0.0
164.4842 -4.7428 0.0
168.10160000000002 -4.327 0.0
171.56 -3.9210000000000003 0.0
174.851 -3.527 0.0
177.9674 -3.147 0.0
180.9018 -2.7828 0.0
183.647 -2.4364 0.0
186.197 -2.1098 0.0
188.5456 -1.8044 0.0
190.6874 -1.5222 0.0
192.6174 -1.2648 0.0
194.3312 -1.0338 0.0
195.8246 -0.8304 0.0
197.0942 -0.656 0.0
198.137 -0.512 0.0
198.9506 -0.39880000000000004 0.0
199.53320000000002 -0.3174 0.0
199.8832 -0.2684 0.0
200.0 -0.252 0.0
