430.000000 131.214548 188.653281
429.912400 131.224623 188.646226
429.649900 131.254727 188.625147
429.212950 131.304737 188.590130
428.602750 131.374283 188.541433
427.820650 131.462751 188.479487
426.868450 131.569896 188.404463
425.748400 131.694857 188.316964
424.463050 131.836775 188.217592
423.015550 131.994913 188.106863
421.409200 132.168287 187.985466
419.647750 132.355913 187.854088
417.735250 132.556565 187.713590
415.676350 132.769380 187.564576
413.475550 132.993131 187.407903
411.138250 133.226590 187.244434
408.670000 133.468649 187.074942
406.076200 133.718081 186.900288
403.363150 133.973534 186.721418
400.537150 134.234024 186.539020
397.604800 134.498078 186.354128
394.573000 134.764589 186.167515
391.448800 135.032083 185.980214
388.239400 135.299577 185.792912
384.952300 135.565474 185.606729
381.595450 135.828545 185.422525
378.176350 136.087315 185.241333
374.703100 136.340555 185.064011
371.183800 136.586547 184.891766
367.626850 136.823937 184.725544
364.040200 137.051252 184.566376
360.432550 137.266771 184.415469
356.812300 137.469020 184.273852
353.187700 137.656400 184.142647
349.567450 137.827193 184.023056
345.959800 137.979925 183.916113
342.373300 138.112996 183.822935
338.816200 138.224933 183.744556
335.296900 138.314384 183.681922
331.823800 138.379876 183.636064
328.404700 138.420178 183.607844
325.047700 138.434185 183.598036
321.760600 138.421038 183.607242
318.551200 138.379998 183.635978
315.427000 138.310207 183.684847
312.395200 138.211540 183.753934
309.462850 138.083630 183.843499
306.636850 137.926598 183.953453
303.923800 137.740568 184.083712
301.330150 137.525909 184.234018
298.861750 137.283359 184.403854
296.524450 137.013776 184.592617
294.323800 136.717898 184.799794
292.264750 136.396954 185.024521
290.352250 136.052173 185.265939
288.590800 135.684783 185.523188
286.984450 135.296259 185.795235
285.536950 134.887953 186.081135
284.251600 134.461216 186.379939
283.131550 134.017400 186.690703
282.179350 133.557732 187.012565
281.397250 133.083566 187.344580
280.787050 132.595761 187.686145
280.350100 132.095423 188.036485
280.087600 131.583166 188.395171
280.000000 131.059728 188.761687
280.087600 130.536290 189.128202
280.350100 130.024033 189.486888
280.787050 129.523695 189.837229
281.397250 129.035890 190.178794
282.179350 128.561724 190.510808
283.131550 128.102057 190.832671
284.251600 127.658240 191.143434
285.536950 127.231502 191.442238
286.984450 126.823197 191.728138
288.590800 126.434672 192.000185
290.352250 126.067283 192.257434
292.264750 125.722502 192.498853
294.323800 125.401558 192.723580
296.524450 125.105681 192.930756
298.861750 124.836098 193.119520
301.330150 124.593547 193.289356
303.923800 124.378888 193.439662
306.636850 124.192858 193.569920
309.462850 124.035827 193.679875
312.395200 123.907916 193.769439
315.427000 123.809249 193.838527
318.551200 123.739457 193.887395
321.760600 123.698418 193.916131
325.047700 123.685271 193.925338
328.404700 123.699278 193.915529
331.823800 123.739580 193.887309
335.296900 123.805072 193.841452
338.816200 123.894524 193.778818
342.373300 124.006460 193.700438
345.959800 124.139531 193.607260
349.567450 124.292262 193.500317
353.187700 124.463056 193.380727
356.812300 124.650437 193.249521
360.432550 124.852685 193.107905
364.040200 125.068205 192.956997
367.626850 125.295519 192.797830
371.183800 125.532909 192.631607
374.703100 125.778900 192.459361
378.176350 126.032141 192.282040
381.595450 126.290912 192.100848
384.952300 126.553982 191.916644
388.239400 126.819879 191.730461
391.448800 127.087373 191.543159
394.573000 127.354868 191.355859
397.604800 127.621379 191.169245
400.537150 127.885432 190.984353
403.363150 128.145923 190.801955
406.076200 128.401375 190.623085
408.670000 128.650807 190.448431
411.138250 128.892866 190.278940
413.475550 129.126324 190.115470
415.676350 129.350075 189.958798
417.735250 129.562892 189.809783
419.647750 129.763543 189.669286
421.409200 129.951170 189.537907
423.015550 130.124543 189.416510
424.463050 130.282680 189.305782
425.748400 130.424599 189.206409
426.868450 130.549560 189.118910
427.820650 130.656705 189.043886
428.602750 130.745174 188.981940
429.212950 130.814720 188.933243
429.649900 130.864729 188.898226
429.912400 130.894832 188.877148
430.000000 130.904909 188.870092
