430.000000 5.027951 8.439678
429.912400 5.038026 8.432623
429.649900 5.068130 8.411544
429.212950 5.118140 8.376527
428.602750 5.187686 8.327830
427.820650 5.276154 8.265884
426.868450 5.383299 8.190860
425.748400 5.508260 8.103361
424.463050 5.650178 8.003989
423.015550 5.808316 7.893260
421.409200 5.981690 7.771863
419.647750 6.169316 7.640485
417.735250 6.369968 7.499987
415.676350 6.582783 7.350973
413.475550 6.806534 7.194300
411.138250 7.039993 7.030831
408.670000 7.282052 6.861339
406.076200 7.531484 6.686685
403.363150 7.786937 6.507815
400.537150 8.047427 6.325417
397.604800 8.311481 6.140525
394.573000 8.577992 5.953912
391.448800 8.845486 5.766611
388.239400 9.112980 5.579309
384.952300 9.378877 5.393126
381.595450 9.641948 5.208922
378.176350 9.900718 5.027730
374.703100 10.153958 4.850408
371.183800 10.399950 4.678163
367.626850 10.637340 4.511941
364.040200 10.864655 4.352773
360.432550 11.080174 4.201866
356.812300 11.282423 4.060249
353.187700 11.469803 3.929044
349.567450 11.640596 3.809453
345.959800 11.793328 3.702510
342.373300 11.926399 3.609332
338.816200 12.038336 3.530953
335.296900 12.127787 3.468319
331.823800 12.193279 3.422461
328.404700 12.233581 3.394241
325.047700 12.247588 3.384433
321.760600 12.234441 3.393639
318.551200 12.193401 3.422375
315.427000 12.123610 3.471244
312.395200 12.024943 3.540331
309.462850 11.897033 3.629896
306.636850 11.740001 3.739850
303.923800 11.553971 3.870109
301.330150 11.339312 4.020415
298.861750 11.096762 4.190251
296.524450 10.827179 4.379014
294.323800 10.531301 4.586191
292.264750 10.210357 4.810918
290.352250 9.865576 5.052336
288.590800 9.498186 5.309585
286.984450 9.109662 5.581632
285.536950 8.701356 5.867532
284.251600 8.274619 6.166336
283.131550 7.830803 6.477100
282.179350 7.371135 6.798962
281.397250 6.896969 7.130977
280.787050 6.409164 7.472542
280.350100 5.908826 7.822882
280.087600 5.396569 8.181568
280.000000 4.873131 8.548084
280.087600 4.349693 8.914599
280.350100 3.837436 9.273285
280.787050 3.337098 9.623626
281.397250 2.849293 9.965191
282.179350 2.375127 10.297205
283.131550 1.915460 10.619068
284.251600 1.471643 10.929831
285.536950 1.044905 11.228635
286.984450 0.636600 11.514535
288.590800 0.248075 11.786582
290.352250 -0.119314 12.043831
292.264750 -0.464095 12.285250
294.323800 -0.785039 12.509977
296.524450 -1.080916 12.717153
298.861750 -1.350499 12.905917
301.330150 -1.593050 13.075753
303.923800 -1.807709 13.226059
306.636850 -1.993739 13.356317
309.462850 -2.150770 13.466272
312.395200 -2.278681 13.555836
315.427000 -2.377348 13.624924
318.551200 -2.447140 13.673792
321.760600 -2.488179 13.702528
325.047700 -2.501326 13.711735
328.404700 -2.487319 13.701926
331.823800 -2.447017 13.673706
335.296900 -2.381525 13.627849
338.816200 -2.292073 13.565215
342.373300 -2.180137 13.486835
345.959800 -2.047066 13.393657
349.567450 -1.894335 13.286714
353.187700 -1.723541 13.167124
356.812300 -1.536160 13.035918
360.432550 -1.333912 12.894302
364.040200 -1.118392 12.743394
367.626850 -0.891078 12.584227
371.183800 -0.653688 12.418004
374.703100 -0.407697 12.245758
378.176350 -0.154456 12.068437
381.595450 0.104315 11.887245
384.952300 0.367385 11.703041
388.239400 0.633282 11.516858
391.448800 0.900776 11.329556
394.573000 1.168271 11.142256
397.604800 1.434782 10.955642
400.537150 1.698835 10.770750
403.363150 1.959326 10.588352
406.076200 2.214778 10.409482
408.670000 2.464210 10.234828
411.138250 2.706269 10.065337
413.475550 2.939727 9.901867
415.676350 3.163478 9.745195
417.735250 3.376295 9.596180
419.647750 3.576946 9.455683
421.409200 3.764573 9.324304
423.015550 3.937946 9.202907
424.463050 4.096083 9.092179
425.748400 4.238002 8.992806
426.868450 4.362963 8.905307
427.820650 4.470108 8.830283
428.602750 4.558577 8.768337
429.212950 4.628123 8.719640
429.649900 4.678132 8.684623
429.912400 4.708235 8.663545
430.000000 4.718312 8.656489
