430.000000 13.627516 16.714100
429.883200 13.640950 16.704693
429.533200 13.681089 16.676588
428.950600 13.747768 16.629899
428.137000 13.840496 16.564970
427.094200 13.958454 16.482375
425.824600 14.101314 16.382343
424.331200 14.267929 16.265678
422.617400 14.457153 16.133182
420.687400 14.668003 15.985543
418.545600 14.899168 15.823680
416.197000 15.149337 15.648509
413.647000 15.416872 15.461179
410.901800 15.700626 15.262493
407.967400 15.998961 15.053596
404.851000 16.310239 14.835637
401.560000 16.632985 14.609648
398.101600 16.965561 14.376776
394.484200 17.306164 14.138283
390.716200 17.653485 13.895086
386.806400 18.005556 13.648563
382.764000 18.360904 13.399746
378.598400 18.717563 13.150011
374.319200 19.074222 12.900275
369.936400 19.428751 12.652031
365.460600 19.779512 12.406426
360.901800 20.124539 12.164836
356.270800 20.462193 11.928407
351.578400 20.790182 11.698747
346.835800 21.106702 11.477117
342.053600 21.409788 11.264894
337.243400 21.697147 11.063684
332.416400 21.966812 10.874862
327.583600 22.216653 10.699921
322.756600 22.444377 10.540467
317.946400 22.648019 10.397876
313.164400 22.825447 10.273639
308.421600 22.974696 10.169134
303.729200 23.093965 10.085621
299.098400 23.181287 10.024478
294.539600 23.235023 9.986851
290.063600 23.253699 9.973773
285.680800 23.236170 9.986048
281.401600 23.181450 10.024363
277.236000 23.088395 10.089521
273.193600 22.956839 10.181638
269.283800 22.786292 10.301057
265.515800 22.576916 10.447663
261.898400 22.328877 10.621341
258.440200 22.042665 10.821749
255.149000 21.719264 11.048197
252.032600 21.359820 11.299882
249.098400 20.965316 11.576117
246.353000 20.537391 11.875753
243.803000 20.077683 12.197644
241.454400 19.587830 12.540643
239.312600 19.069798 12.903372
237.382600 18.525390 13.284572
235.668800 17.956407 13.682978
234.175400 17.364652 14.097329
232.905800 16.751762 14.526479
231.863000 16.119540 14.969165
231.049400 15.469134 15.424585
230.466800 14.802016 15.891706
230.116800 14.119007 16.369954
230.000000 13.421090 16.858641
230.116800 12.723172 17.347328
230.466800 12.040163 17.825576
231.049400 11.373046 18.292697
231.863000 10.722639 18.748117
232.905800 10.090418 19.190803
234.175400 9.477528 19.619953
235.668800 8.885773 20.034304
237.382600 8.316789 20.432710
239.312600 7.772382 20.813910
241.454400 7.254349 21.176639
243.803000 6.764497 21.519638
246.353000 6.304788 21.841529
249.098400 5.876863 22.141165
252.032600 5.482360 22.417400
255.149000 5.122916 22.669085
258.440200 4.799515 22.895533
261.898400 4.513303 23.095941
265.515800 4.265263 23.269619
269.283800 4.055888 23.416226
273.193600 3.885341 23.535644
277.236000 3.753785 23.627761
281.401600 3.660729 23.692919
285.680800 3.606010 23.731234
290.063600 3.588481 23.743509
294.539600 3.607157 23.730431
299.098400 3.660893 23.692804
303.729200 3.748215 23.631661
308.421600 3.867484 23.548149
313.164400 4.016733 23.443643
317.946400 4.194161 23.319406
322.756600 4.397802 23.176815
327.583600 4.625527 23.017361
332.416400 4.875368 22.842420
337.243400 5.145033 22.653599
342.053600 5.432392 22.452388
346.835800 5.735478 22.240165
351.578400 6.051998 22.018535
356.270800 6.379986 21.788874
360.901800 6.717641 21.552446
365.460600 7.062668 21.310856
369.936400 7.413429 21.065251
374.319200 7.767958 20.817007
378.598400 8.124616 20.567271
382.764000 8.481276 20.317537
386.806400 8.836624 20.068719
390.716200 9.188695 19.822196
394.484200 9.536016 19.578999
398.101600 9.876619 19.340506
401.560000 10.209195 19.107634
404.851000 10.531941 18.881645
407.967400 10.843218 18.663686
410.901800 11.141553 18.454789
413.647000 11.425308 18.256103
416.197000 11.692843 18.068773
418.545600 11.943012 17.893602
420.687400 12.174177 17.731739
422.617400 12.385026 17.584101
424.331200 12.574251 17.451604
425.824600 12.740866 17.334939
427.094200 12.883726 17.234907
428.137000 13.001684 17.152312
428.950600 13.094412 17.087383
429.533200 13.161091 17.040694
429.883200 13.201229 17.012589
430.000000 13.214664 17.003182
