450.0 0.0 0.0
448.074 0.2565 0.0
442.332 0.981 0.0
432.873 2.0835 0.0
419.85450000000003 3.4650000000000003 0.0
403.50600000000003 5.0715 0.0
384.0975 6.848999999999999 0.0
361.971 8.7525 0.0
337.5 10.728 0.0
311.10299999999995 12.7035 0.0
283.2345 14.6115 0.0
254.367 16.371000000000002 0.0
225.0 17.901 0.0
195.633 19.116 0.0
166.76549999999997 19.939500000000002 0.0
152.67600000000002 20.178 0.0
138.897 20.290499999999998 0.0
125.487 20.267999999999997 0.0
112.5 20.096999999999998 0.0
99.9945 19.7865 0.0
88.029 19.3275 0.0
76.6485 18.7245 0.0
65.9025 17.973000000000003 0.0
55.836 17.0775 0.0
46.494 16.038 0.0
37.9215 14.8725 0.0
30.1455 13.6035 0.0
23.202 12.239999999999998 0.0
17.127 10.7775 0.0
11.938500000000001 9.1755 0.0
7.668 7.406999999999999 0.0
4.3245000000000005 5.463 0.0
1.926 3.4515 0.0
0.4815 1.5705 0.0
0.0 0.0 0.0
0.4815 -1.5705 0.0
1.926 -3.4515 0.0
4.3245000000000005 -5.463 0.0
7.668 -7.406999999999999 0.0
11.938500000000001 -9.1755 0.0
17.127 -10.7775 0.0
23.202 -12.239999999999998 0.0
30.1455 -13.6035 0.0
37.9215 -14.8725 0.0
46.494 -16.038 0.0
55.836 -17.0775 0.0
65.9025 -17.973000000000003 0.0
76.6485 -18.7245 0.0
88.029 -19.3275 0.0
99.9945 -19.7865 0.0
112.5 -20.096999999999998 0.0
125.487 -20.267999999999997 0.0
138.897 -20.290499999999998 0.0
152.67600000000002 -20.178 0.0
166.76549999999997 -19.939500000000002 0.0
195.633 -19.116 0.0
225.0 -17.901 0.0
254.367 -16.371000000000002 0.0
283.2345 -14.6115 0.0
311.10299999999995 -12.7035 0.0
337.5 -10.728 0.0
361.971 -8.7525 0.0
384.0975 -6.848999999999999 0.0
403.50600000000003 -5.0715 0.0
419.85450000000003 -3.4650000000000003 0.0
432.873 -2.0835 0.0
442.332 -0.981 0.0
448.074 -0.2565 0.0
450.0 0.0 0.0
